(kicad_pcb (version 20171130) (host pcbnew 5.1.10-88a1d61d58~90~ubuntu20.04.1)

  (general
    (thickness 1.6)
    (drawings 37)
    (tracks 445)
    (zones 0)
    (modules 59)
    (nets 50)
  )

  (page A4)
  (title_block
    (title Arlene)
    (date 2021-08-05)
    (rev v1.00)
    (company www.2-0.dk)
  )

  (layers
    (0 F.Cu signal)
    (1 In1.Cu signal)
    (2 In2.Cu signal)
    (31 B.Cu signal)
    (32 B.Adhes user)
    (33 F.Adhes user)
    (34 B.Paste user)
    (35 F.Paste user)
    (36 B.SilkS user)
    (37 F.SilkS user)
    (38 B.Mask user)
    (39 F.Mask user)
    (40 Dwgs.User user)
    (41 Cmts.User user)
    (42 Eco1.User user)
    (43 Eco2.User user)
    (44 Edge.Cuts user)
    (45 Margin user)
    (46 B.CrtYd user)
    (47 F.CrtYd user)
    (48 B.Fab user hide)
    (49 F.Fab user hide)
  )

  (setup
    (last_trace_width 0.25)
    (user_trace_width 0.2)
    (user_trace_width 0.5)
    (user_trace_width 1)
    (trace_clearance 0.2)
    (zone_clearance 0.508)
    (zone_45_only no)
    (trace_min 0.2)
    (via_size 0.8)
    (via_drill 0.4)
    (via_min_size 0.4)
    (via_min_drill 0.3)
    (user_via 0.6 0.4)
    (uvia_size 0.3)
    (uvia_drill 0.1)
    (uvias_allowed no)
    (uvia_min_size 0.2)
    (uvia_min_drill 0.1)
    (edge_width 0.05)
    (segment_width 0.2)
    (pcb_text_width 0.3)
    (pcb_text_size 1.5 1.5)
    (mod_edge_width 0.12)
    (mod_text_size 1 1)
    (mod_text_width 0.15)
    (pad_size 0.8 0.8)
    (pad_drill 0.5)
    (pad_to_mask_clearance 0)
    (aux_axis_origin 0 0)
    (visible_elements FFFFFF7F)
    (pcbplotparams
      (layerselection 0x010f0_ffffffff)
      (usegerberextensions false)
      (usegerberattributes false)
      (usegerberadvancedattributes false)
      (creategerberjobfile false)
      (excludeedgelayer true)
      (linewidth 0.100000)
      (plotframeref false)
      (viasonmask false)
      (mode 1)
      (useauxorigin false)
      (hpglpennumber 1)
      (hpglpenspeed 20)
      (hpglpendiameter 15.000000)
      (psnegative false)
      (psa4output false)
      (plotreference true)
      (plotvalue true)
      (plotinvisibletext false)
      (padsonsilk false)
      (subtractmaskfromsilk false)
      (outputformat 1)
      (mirror false)
      (drillshape 0)
      (scaleselection 1)
      (outputdirectory "plots"))
  )

  (net 0 "")
  (net 1 GND)
  (net 2 nrst)
  (net 3 +3V3)
  (net 4 uart_rx)
  (net 5 swdio)
  (net 6 swclk)
  (net 7 boot0)
  (net 8 vin)
  (net 9 enc_a)
  (net 10 enc_b)
  (net 11 neg_heater)
  (net 12 pos_heater)
  (net 13 handle_switch)
  (net 14 "Net-(R14-Pad2)")
  (net 15 pwm_heater)
  (net 16 hmi_buzzer)
  (net 17 enc_switch)
  (net 18 "Net-(C2-Pad2)")
  (net 19 "Net-(C2-Pad1)")
  (net 20 +5V)
  (net 21 "Net-(D2-Pad2)")
  (net 22 oled_sck)
  (net 23 oled_sda)
  (net 24 oled_reset)
  (net 25 oled_dc)
  (net 26 oled_cs)
  (net 27 adc_handle_temperature)
  (net 28 "Net-(Q1-Pad2)")
  (net 29 "Net-(Q2-Pad3)")
  (net 30 "Net-(R1-Pad2)")
  (net 31 handle_switch_in)
  (net 32 adc_heater_voltage)
  (net 33 "Net-(R15-Pad2)")
  (net 34 adc_heater_temperature)
  (net 35 adc_heater_current)
  (net 36 Earth)
  (net 37 "Net-(J5-PadS1)")
  (net 38 "Net-(J5-PadA4)")
  (net 39 usb_dm)
  (net 40 usb_dp)
  (net 41 uart_tx)
  (net 42 "Net-(D3-Pad1)")
  (net 43 "Net-(D3-Pad3)")
  (net 44 "Net-(D3-Pad4)")
  (net 45 led_blue)
  (net 46 led_green)
  (net 47 led_red)
  (net 48 handle_temperature)
  (net 49 "Net-(BZ1-Pad2)")

  (net_class Default "This is the default net class."
    (clearance 0.2)
    (trace_width 0.25)
    (via_dia 0.8)
    (via_drill 0.4)
    (uvia_dia 0.3)
    (uvia_drill 0.1)
    (add_net +3V3)
    (add_net +5V)
    (add_net Earth)
    (add_net GND)
    (add_net "Net-(BZ1-Pad2)")
    (add_net "Net-(C2-Pad1)")
    (add_net "Net-(C2-Pad2)")
    (add_net "Net-(D2-Pad2)")
    (add_net "Net-(D3-Pad1)")
    (add_net "Net-(D3-Pad3)")
    (add_net "Net-(D3-Pad4)")
    (add_net "Net-(J5-PadA4)")
    (add_net "Net-(J5-PadS1)")
    (add_net "Net-(Q1-Pad2)")
    (add_net "Net-(Q2-Pad3)")
    (add_net "Net-(R1-Pad2)")
    (add_net "Net-(R14-Pad2)")
    (add_net "Net-(R15-Pad2)")
    (add_net adc_handle_temperature)
    (add_net adc_heater_current)
    (add_net adc_heater_temperature)
    (add_net adc_heater_voltage)
    (add_net boot0)
    (add_net enc_a)
    (add_net enc_b)
    (add_net enc_switch)
    (add_net handle_switch)
    (add_net handle_switch_in)
    (add_net handle_temperature)
    (add_net hmi_buzzer)
    (add_net led_blue)
    (add_net led_green)
    (add_net led_red)
    (add_net neg_heater)
    (add_net nrst)
    (add_net oled_cs)
    (add_net oled_dc)
    (add_net oled_reset)
    (add_net oled_sck)
    (add_net oled_sda)
    (add_net pos_heater)
    (add_net pwm_heater)
    (add_net swclk)
    (add_net swdio)
    (add_net uart_rx)
    (add_net uart_tx)
    (add_net usb_dm)
    (add_net usb_dp)
    (add_net vin)
  )

  (module arlene:usb-c_14pin_tht_vertical (layer F.Cu) (tedit 610BD8A6) (tstamp 6108DAAA)
    (at 144.48 87.74)
    (path /5BFC14B8/61083AF8)
    (fp_text reference J5 (at 5.18 -0.03 90) (layer F.SilkS)
      (effects (font (size 0.75 0.75) (thickness 0.15)))
    )
    (fp_text value USB-C (at 0 3.5) (layer F.Fab)
      (effects (font (size 1 1) (thickness 0.15)))
    )
    (fp_line (start -4.7 2.55) (end -4.7 -2.55) (layer F.CrtYd) (width 0.1))
    (fp_line (start 4.7 2.55) (end -4.7 2.55) (layer F.CrtYd) (width 0.1))
    (fp_line (start 4.7 -2.55) (end 4.7 2.55) (layer F.CrtYd) (width 0.1))
    (fp_line (start -4.7 -2.55) (end 4.7 -2.55) (layer F.CrtYd) (width 0.1))
    (fp_line (start -4.55 2.4) (end -4.55 -2.4) (layer F.SilkS) (width 0.12))
    (fp_line (start 4.55 2.4) (end -4.55 2.4) (layer F.SilkS) (width 0.12))
    (fp_line (start 4.55 -2.4) (end 4.55 2.4) (layer F.SilkS) (width 0.12))
    (fp_line (start -4.55 -2.4) (end 4.55 -2.4) (layer F.SilkS) (width 0.12))
    (pad B6 thru_hole roundrect (at 0.5 0.7) (size 0.8 0.8) (drill 0.5) (layers *.Cu *.Mask) (roundrect_rratio 0.25)
      (net 40 usb_dp) (clearance 0.01))
    (pad B5 thru_hole roundrect (at 1.5 0.7) (size 0.8 0.8) (drill 0.5) (layers *.Cu *.Mask) (roundrect_rratio 0.25)
      (clearance 0.01))
    (pad B4 thru_hole roundrect (at 2.5 0.7) (size 0.8 0.8) (drill 0.5) (layers *.Cu *.Mask) (roundrect_rratio 0.25)
      (net 38 "Net-(J5-PadA4)") (clearance 0.01))
    (pad B1 thru_hole roundrect (at 3.5 0.7) (size 0.8 0.8) (drill 0.5) (layers *.Cu *.Mask) (roundrect_rratio 0.25)
      (net 1 GND) (clearance 0.01))
    (pad B7 thru_hole roundrect (at -0.5 0.7) (size 0.8 0.8) (drill 0.5) (layers *.Cu *.Mask) (roundrect_rratio 0.25)
      (net 39 usb_dm) (clearance 0.01))
    (pad B9 thru_hole roundrect (at -2.5 0.7) (size 0.8 0.8) (drill 0.5) (layers *.Cu *.Mask) (roundrect_rratio 0.25)
      (net 38 "Net-(J5-PadA4)") (clearance 0.01))
    (pad B12 thru_hole roundrect (at -3.5 0.7) (size 0.8 0.8) (drill 0.5) (layers *.Cu *.Mask) (roundrect_rratio 0.25)
      (net 1 GND) (clearance 0.01))
    (pad A1 thru_hole roundrect (at -3.5 -0.7) (size 0.8 0.8) (drill 0.5) (layers *.Cu *.Mask) (roundrect_rratio 0.25)
      (net 1 GND) (clearance 0.01))
    (pad A4 thru_hole roundrect (at -2.5 -0.7) (size 0.8 0.8) (drill 0.5) (layers *.Cu *.Mask) (roundrect_rratio 0.25)
      (net 38 "Net-(J5-PadA4)") (clearance 0.01))
    (pad A5 thru_hole roundrect (at -1.5 -0.7) (size 0.8 0.8) (drill 0.5) (layers *.Cu *.Mask) (roundrect_rratio 0.25)
      (clearance 0.01))
    (pad A6 thru_hole roundrect (at -0.5 -0.7) (size 0.8 0.8) (drill 0.5) (layers *.Cu *.Mask) (roundrect_rratio 0.25)
      (net 40 usb_dp) (clearance 0.01))
    (pad A7 thru_hole roundrect (at 0.5 -0.7) (size 0.8 0.8) (drill 0.5) (layers *.Cu *.Mask) (roundrect_rratio 0.25)
      (net 39 usb_dm) (clearance 0.01))
    (pad A9 thru_hole roundrect (at 2.5 -0.7) (size 0.8 0.8) (drill 0.5) (layers *.Cu *.Mask) (roundrect_rratio 0.25)
      (net 38 "Net-(J5-PadA4)") (clearance 0.01))
    (pad A12 thru_hole roundrect (at 3.5 -0.7) (size 0.8 0.8) (drill 0.5) (layers *.Cu *.Mask) (roundrect_rratio 0.25)
      (net 1 GND) (clearance 0.01))
    (pad S1 thru_hole roundrect (at -2 -1.93) (size 2.1 0.8) (drill oval 1.6 0.5) (layers *.Cu *.Mask) (roundrect_rratio 0.25)
      (net 37 "Net-(J5-PadS1)"))
    (pad S1 thru_hole roundrect (at 2 -1.93) (size 2.1 0.8) (drill oval 1.6 0.5) (layers *.Cu *.Mask) (roundrect_rratio 0.25)
      (net 37 "Net-(J5-PadS1)"))
    (pad S1 thru_hole roundrect (at 2 1.93) (size 2.1 0.8) (drill oval 1.6 0.5) (layers *.Cu *.Mask) (roundrect_rratio 0.25)
      (net 37 "Net-(J5-PadS1)"))
    (pad S1 thru_hole roundrect (at -2 1.93) (size 2.1 0.8) (drill oval 1.6 0.5) (layers *.Cu *.Mask) (roundrect_rratio 0.25)
      (net 37 "Net-(J5-PadS1)"))
    (pad A8 thru_hole roundrect (at 1.5 -0.7) (size 0.8 0.8) (drill 0.5) (layers *.Cu *.Mask) (roundrect_rratio 0.25)
      (clearance 0.01))
    (pad B8 thru_hole roundrect (at -1.5 0.7) (size 0.8 0.8) (drill 0.5) (layers *.Cu *.Mask) (roundrect_rratio 0.25)
      (clearance 0.01))
  )

  (module arlene:LED_D5.0mm-4_RGB (layer B.Cu) (tedit 610BD6CD) (tstamp 610C124A)
    (at 132.48 109.75 270)
    (descr "LED, diameter 5.0mm, 2 pins, diameter 5.0mm, 3 pins, diameter 5.0mm, 4 pins, http://www.kingbright.com/attachments/file/psearch/000/00/00/L-154A4SUREQBFZGEW(Ver.9A).pdf")
    (tags "LED diameter 5.0mm 2 pins diameter 5.0mm 3 pins diameter 5.0mm 4 pins RGB RGBLED")
    (path /5BFC14B8/6119FCA6)
    (fp_text reference D3 (at 1.91 -4.05) (layer B.SilkS)
      (effects (font (size 0.75 0.75) (thickness 0.15)) (justify mirror))
    )
    (fp_text value LED_RCGB (at 1.905 -3.96 90) (layer B.Fab)
      (effects (font (size 1 1) (thickness 0.15)) (justify mirror))
    )
    (fp_circle (center 1.905 0) (end 4.405 0) (layer B.Fab) (width 0.1))
    (fp_line (start -0.595 1.469694) (end -0.595 -1.469694) (layer B.Fab) (width 0.1))
    (fp_line (start -0.655 1.545) (end -0.655 1.08) (layer B.SilkS) (width 0.12))
    (fp_line (start -0.655 -1.08) (end -0.655 -1.545) (layer B.SilkS) (width 0.12))
    (fp_line (start -0.75 3.25) (end -0.75 -3.25) (layer B.CrtYd) (width 0.05))
    (fp_line (start -0.75 -3.25) (end 5 -3.25) (layer B.CrtYd) (width 0.05))
    (fp_line (start 5 -3.25) (end 5 3.25) (layer B.CrtYd) (width 0.05))
    (fp_line (start 5 3.25) (end -0.75 3.25) (layer B.CrtYd) (width 0.05))
    (fp_text user %R (at 1.905 3.96 90) (layer B.Fab)
      (effects (font (size 1 1) (thickness 0.15)) (justify mirror))
    )
    (fp_arc (start 1.905 0) (end -0.349684 -1.08) (angle 128.8) (layer B.SilkS) (width 0.12))
    (fp_arc (start 1.905 0) (end -0.349684 1.08) (angle -128.8) (layer B.SilkS) (width 0.12))
    (fp_arc (start 1.905 0) (end -0.655 -1.54483) (angle 127.7) (layer B.SilkS) (width 0.12))
    (fp_arc (start 1.905 0) (end -0.655 1.54483) (angle -127.7) (layer B.SilkS) (width 0.12))
    (fp_arc (start 1.905 0) (end -0.595 1.469694) (angle -299.1) (layer B.Fab) (width 0.1))
    (pad 4 thru_hole oval (at 3.81 0 270) (size 1.07 1.8) (drill 0.8) (layers *.Cu *.Mask)
      (net 44 "Net-(D3-Pad4)"))
    (pad 3 thru_hole oval (at 2.54 0 270) (size 1.07 1.8) (drill 0.8) (layers *.Cu *.Mask)
      (net 43 "Net-(D3-Pad3)"))
    (pad 2 thru_hole oval (at 1.27 0 270) (size 1.07 1.8) (drill 0.8) (layers *.Cu *.Mask)
      (net 1 GND))
    (pad 1 thru_hole rect (at 0 0 270) (size 1.07 1.8) (drill 0.8) (layers *.Cu *.Mask)
      (net 42 "Net-(D3-Pad1)"))
    (model ${KISYS3DMOD}/LED_THT.3dshapes/LED_D5.0mm-4_RGB.wrl
      (at (xyz 0 0 0))
      (scale (xyz 1 1 1))
      (rotate (xyz 0 0 0))
    )
  )

  (module Resistor_SMD:R_2512_6332Metric (layer F.Cu) (tedit 5F68FEEE) (tstamp 61071DC1)
    (at 166.29 102.5 90)
    (descr "Resistor SMD 2512 (6332 Metric), square (rectangular) end terminal, IPC_7351 nominal, (Body size source: IPC-SM-782 page 72, https://www.pcb-3d.com/wordpress/wp-content/uploads/ipc-sm-782a_amendment_1_and_2.pdf), generated with kicad-footprint-generator")
    (tags resistor)
    (path /5BFC14E2/5BFC2082)
    (attr smd)
    (fp_text reference R11 (at -4.34 0.88 180) (layer F.SilkS)
      (effects (font (size 0.75 0.75) (thickness 0.15)))
    )
    (fp_text value 0.1 (at 0 2.62 90) (layer F.Fab)
      (effects (font (size 1 1) (thickness 0.15)))
    )
    (fp_line (start 3.82 1.92) (end -3.82 1.92) (layer F.CrtYd) (width 0.05))
    (fp_line (start 3.82 -1.92) (end 3.82 1.92) (layer F.CrtYd) (width 0.05))
    (fp_line (start -3.82 -1.92) (end 3.82 -1.92) (layer F.CrtYd) (width 0.05))
    (fp_line (start -3.82 1.92) (end -3.82 -1.92) (layer F.CrtYd) (width 0.05))
    (fp_line (start -2.177064 1.71) (end 2.177064 1.71) (layer F.SilkS) (width 0.12))
    (fp_line (start -2.177064 -1.71) (end 2.177064 -1.71) (layer F.SilkS) (width 0.12))
    (fp_line (start 3.15 1.6) (end -3.15 1.6) (layer F.Fab) (width 0.1))
    (fp_line (start 3.15 -1.6) (end 3.15 1.6) (layer F.Fab) (width 0.1))
    (fp_line (start -3.15 -1.6) (end 3.15 -1.6) (layer F.Fab) (width 0.1))
    (fp_line (start -3.15 1.6) (end -3.15 -1.6) (layer F.Fab) (width 0.1))
    (fp_text user %R (at 0 0 90) (layer F.Fab)
      (effects (font (size 1 1) (thickness 0.15)))
    )
    (pad 1 smd roundrect (at -2.9625 0 90) (size 1.225 3.35) (layers F.Cu F.Paste F.Mask) (roundrect_rratio 0.2040816326530612)
      (net 1 GND))
    (pad 2 smd roundrect (at 2.9625 0 90) (size 1.225 3.35) (layers F.Cu F.Paste F.Mask) (roundrect_rratio 0.2040816326530612)
      (net 11 neg_heater))
    (model ${KISYS3DMOD}/Resistor_SMD.3dshapes/R_2512_6332Metric.wrl
      (at (xyz 0 0 0))
      (scale (xyz 1 1 1))
      (rotate (xyz 0 0 0))
    )
  )

  (module Resistor_SMD:R_0603_1608Metric (layer F.Cu) (tedit 5F68FEEE) (tstamp 61071E05)
    (at 166.88 93.53 270)
    (descr "Resistor SMD 0603 (1608 Metric), square (rectangular) end terminal, IPC_7351 nominal, (Body size source: IPC-SM-782 page 72, https://www.pcb-3d.com/wordpress/wp-content/uploads/ipc-sm-782a_amendment_1_and_2.pdf), generated with kicad-footprint-generator")
    (tags resistor)
    (path /5BFC14E2/5BFC206F)
    (attr smd)
    (fp_text reference R15 (at 4.09 0.07 90) (layer F.SilkS)
      (effects (font (size 0.75 0.75) (thickness 0.15)))
    )
    (fp_text value 1k (at 0 1.43 90) (layer F.Fab)
      (effects (font (size 1 1) (thickness 0.15)))
    )
    (fp_line (start 1.48 0.73) (end -1.48 0.73) (layer F.CrtYd) (width 0.05))
    (fp_line (start 1.48 -0.73) (end 1.48 0.73) (layer F.CrtYd) (width 0.05))
    (fp_line (start -1.48 -0.73) (end 1.48 -0.73) (layer F.CrtYd) (width 0.05))
    (fp_line (start -1.48 0.73) (end -1.48 -0.73) (layer F.CrtYd) (width 0.05))
    (fp_line (start -0.237258 0.5225) (end 0.237258 0.5225) (layer F.SilkS) (width 0.12))
    (fp_line (start -0.237258 -0.5225) (end 0.237258 -0.5225) (layer F.SilkS) (width 0.12))
    (fp_line (start 0.8 0.4125) (end -0.8 0.4125) (layer F.Fab) (width 0.1))
    (fp_line (start 0.8 -0.4125) (end 0.8 0.4125) (layer F.Fab) (width 0.1))
    (fp_line (start -0.8 -0.4125) (end 0.8 -0.4125) (layer F.Fab) (width 0.1))
    (fp_line (start -0.8 0.4125) (end -0.8 -0.4125) (layer F.Fab) (width 0.1))
    (fp_text user %R (at 0 0 90) (layer F.Fab)
      (effects (font (size 0.4 0.4) (thickness 0.06)))
    )
    (pad 1 smd roundrect (at -0.825 0 270) (size 0.8 0.95) (layers F.Cu F.Paste F.Mask) (roundrect_rratio 0.25)
      (net 1 GND))
    (pad 2 smd roundrect (at 0.825 0 270) (size 0.8 0.95) (layers F.Cu F.Paste F.Mask) (roundrect_rratio 0.25)
      (net 33 "Net-(R15-Pad2)"))
    (model ${KISYS3DMOD}/Resistor_SMD.3dshapes/R_0603_1608Metric.wrl
      (at (xyz 0 0 0))
      (scale (xyz 1 1 1))
      (rotate (xyz 0 0 0))
    )
  )

  (module Resistor_SMD:R_0603_1608Metric (layer F.Cu) (tedit 5F68FEEE) (tstamp 61071E38)
    (at 165.38 93.53 270)
    (descr "Resistor SMD 0603 (1608 Metric), square (rectangular) end terminal, IPC_7351 nominal, (Body size source: IPC-SM-782 page 72, https://www.pcb-3d.com/wordpress/wp-content/uploads/ipc-sm-782a_amendment_1_and_2.pdf), generated with kicad-footprint-generator")
    (tags resistor)
    (path /5BFC14E2/5BFC2068)
    (attr smd)
    (fp_text reference R18 (at 4.09 -0.37 90) (layer F.SilkS)
      (effects (font (size 0.75 0.75) (thickness 0.15)))
    )
    (fp_text value 10k (at 0 1.43 90) (layer F.Fab)
      (effects (font (size 1 1) (thickness 0.15)))
    )
    (fp_line (start -0.8 0.4125) (end -0.8 -0.4125) (layer F.Fab) (width 0.1))
    (fp_line (start -0.8 -0.4125) (end 0.8 -0.4125) (layer F.Fab) (width 0.1))
    (fp_line (start 0.8 -0.4125) (end 0.8 0.4125) (layer F.Fab) (width 0.1))
    (fp_line (start 0.8 0.4125) (end -0.8 0.4125) (layer F.Fab) (width 0.1))
    (fp_line (start -0.237258 -0.5225) (end 0.237258 -0.5225) (layer F.SilkS) (width 0.12))
    (fp_line (start -0.237258 0.5225) (end 0.237258 0.5225) (layer F.SilkS) (width 0.12))
    (fp_line (start -1.48 0.73) (end -1.48 -0.73) (layer F.CrtYd) (width 0.05))
    (fp_line (start -1.48 -0.73) (end 1.48 -0.73) (layer F.CrtYd) (width 0.05))
    (fp_line (start 1.48 -0.73) (end 1.48 0.73) (layer F.CrtYd) (width 0.05))
    (fp_line (start 1.48 0.73) (end -1.48 0.73) (layer F.CrtYd) (width 0.05))
    (fp_text user %R (at 0 0 90) (layer F.Fab)
      (effects (font (size 0.4 0.4) (thickness 0.06)))
    )
    (pad 2 smd roundrect (at 0.825 0 270) (size 0.8 0.95) (layers F.Cu F.Paste F.Mask) (roundrect_rratio 0.25)
      (net 33 "Net-(R15-Pad2)"))
    (pad 1 smd roundrect (at -0.825 0 270) (size 0.8 0.95) (layers F.Cu F.Paste F.Mask) (roundrect_rratio 0.25)
      (net 35 adc_heater_current))
    (model ${KISYS3DMOD}/Resistor_SMD.3dshapes/R_0603_1608Metric.wrl
      (at (xyz 0 0 0))
      (scale (xyz 1 1 1))
      (rotate (xyz 0 0 0))
    )
  )

  (module Resistor_SMD:R_0603_1608Metric (layer F.Cu) (tedit 5F68FEEE) (tstamp 610AFD1A)
    (at 166.13 91.29 180)
    (descr "Resistor SMD 0603 (1608 Metric), square (rectangular) end terminal, IPC_7351 nominal, (Body size source: IPC-SM-782 page 72, https://www.pcb-3d.com/wordpress/wp-content/uploads/ipc-sm-782a_amendment_1_and_2.pdf), generated with kicad-footprint-generator")
    (tags resistor)
    (path /5BFC14E2/6125BA6B)
    (attr smd)
    (fp_text reference R13 (at -1.97 0 90) (layer F.SilkS)
      (effects (font (size 0.75 0.75) (thickness 0.15)))
    )
    (fp_text value 10k (at 0 1.43) (layer F.Fab)
      (effects (font (size 1 1) (thickness 0.15)))
    )
    (fp_line (start -0.8 0.4125) (end -0.8 -0.4125) (layer F.Fab) (width 0.1))
    (fp_line (start -0.8 -0.4125) (end 0.8 -0.4125) (layer F.Fab) (width 0.1))
    (fp_line (start 0.8 -0.4125) (end 0.8 0.4125) (layer F.Fab) (width 0.1))
    (fp_line (start 0.8 0.4125) (end -0.8 0.4125) (layer F.Fab) (width 0.1))
    (fp_line (start -0.237258 -0.5225) (end 0.237258 -0.5225) (layer F.SilkS) (width 0.12))
    (fp_line (start -0.237258 0.5225) (end 0.237258 0.5225) (layer F.SilkS) (width 0.12))
    (fp_line (start -1.48 0.73) (end -1.48 -0.73) (layer F.CrtYd) (width 0.05))
    (fp_line (start -1.48 -0.73) (end 1.48 -0.73) (layer F.CrtYd) (width 0.05))
    (fp_line (start 1.48 -0.73) (end 1.48 0.73) (layer F.CrtYd) (width 0.05))
    (fp_line (start 1.48 0.73) (end -1.48 0.73) (layer F.CrtYd) (width 0.05))
    (fp_text user %R (at 0 0) (layer F.Fab)
      (effects (font (size 0.4 0.4) (thickness 0.06)))
    )
    (pad 2 smd roundrect (at 0.825 0 180) (size 0.8 0.95) (layers F.Cu F.Paste F.Mask) (roundrect_rratio 0.25)
      (net 3 +3V3))
    (pad 1 smd roundrect (at -0.825 0 180) (size 0.8 0.95) (layers F.Cu F.Paste F.Mask) (roundrect_rratio 0.25)
      (net 48 handle_temperature))
    (model ${KISYS3DMOD}/Resistor_SMD.3dshapes/R_0603_1608Metric.wrl
      (at (xyz 0 0 0))
      (scale (xyz 1 1 1))
      (rotate (xyz 0 0 0))
    )
  )

  (module Package_SO:SOIC-8_3.9x4.9mm_P1.27mm (layer F.Cu) (tedit 5D9F72B1) (tstamp 61071EFF)
    (at 160.91 93.53)
    (descr "SOIC, 8 Pin (JEDEC MS-012AA, https://www.analog.com/media/en/package-pcb-resources/package/pkg_pdf/soic_narrow-r/r_8.pdf), generated with kicad-footprint-generator ipc_gullwing_generator.py")
    (tags "SOIC SO")
    (path /5BFC14E2/5BFC1FB0)
    (attr smd)
    (fp_text reference U4 (at -2.71 -3.22) (layer F.SilkS)
      (effects (font (size 0.75 0.75) (thickness 0.15)))
    )
    (fp_text value MCP602 (at 0 3.4) (layer F.Fab)
      (effects (font (size 1 1) (thickness 0.15)))
    )
    (fp_line (start 3.7 -2.7) (end -3.7 -2.7) (layer F.CrtYd) (width 0.05))
    (fp_line (start 3.7 2.7) (end 3.7 -2.7) (layer F.CrtYd) (width 0.05))
    (fp_line (start -3.7 2.7) (end 3.7 2.7) (layer F.CrtYd) (width 0.05))
    (fp_line (start -3.7 -2.7) (end -3.7 2.7) (layer F.CrtYd) (width 0.05))
    (fp_line (start -1.95 -1.475) (end -0.975 -2.45) (layer F.Fab) (width 0.1))
    (fp_line (start -1.95 2.45) (end -1.95 -1.475) (layer F.Fab) (width 0.1))
    (fp_line (start 1.95 2.45) (end -1.95 2.45) (layer F.Fab) (width 0.1))
    (fp_line (start 1.95 -2.45) (end 1.95 2.45) (layer F.Fab) (width 0.1))
    (fp_line (start -0.975 -2.45) (end 1.95 -2.45) (layer F.Fab) (width 0.1))
    (fp_line (start 0 -2.56) (end -3.45 -2.56) (layer F.SilkS) (width 0.12))
    (fp_line (start 0 -2.56) (end 1.95 -2.56) (layer F.SilkS) (width 0.12))
    (fp_line (start 0 2.56) (end -1.95 2.56) (layer F.SilkS) (width 0.12))
    (fp_line (start 0 2.56) (end 1.95 2.56) (layer F.SilkS) (width 0.12))
    (fp_text user %R (at 0 0) (layer F.Fab)
      (effects (font (size 0.98 0.98) (thickness 0.15)))
    )
    (pad 1 smd roundrect (at -2.475 -1.905) (size 1.95 0.6) (layers F.Cu F.Paste F.Mask) (roundrect_rratio 0.25)
      (net 34 adc_heater_temperature))
    (pad 2 smd roundrect (at -2.475 -0.635) (size 1.95 0.6) (layers F.Cu F.Paste F.Mask) (roundrect_rratio 0.25)
      (net 14 "Net-(R14-Pad2)"))
    (pad 3 smd roundrect (at -2.475 0.635) (size 1.95 0.6) (layers F.Cu F.Paste F.Mask) (roundrect_rratio 0.25)
      (net 21 "Net-(D2-Pad2)"))
    (pad 4 smd roundrect (at -2.475 1.905) (size 1.95 0.6) (layers F.Cu F.Paste F.Mask) (roundrect_rratio 0.25)
      (net 1 GND))
    (pad 5 smd roundrect (at 2.475 1.905) (size 1.95 0.6) (layers F.Cu F.Paste F.Mask) (roundrect_rratio 0.25)
      (net 11 neg_heater))
    (pad 6 smd roundrect (at 2.475 0.635) (size 1.95 0.6) (layers F.Cu F.Paste F.Mask) (roundrect_rratio 0.25)
      (net 33 "Net-(R15-Pad2)"))
    (pad 7 smd roundrect (at 2.475 -0.635) (size 1.95 0.6) (layers F.Cu F.Paste F.Mask) (roundrect_rratio 0.25)
      (net 35 adc_heater_current))
    (pad 8 smd roundrect (at 2.475 -1.905) (size 1.95 0.6) (layers F.Cu F.Paste F.Mask) (roundrect_rratio 0.25)
      (net 3 +3V3))
    (model ${KISYS3DMOD}/Package_SO.3dshapes/SOIC-8_3.9x4.9mm_P1.27mm.wrl
      (at (xyz 0 0 0))
      (scale (xyz 1 1 1))
      (rotate (xyz 0 0 0))
    )
  )

  (module Resistor_SMD:R_0603_1608Metric (layer F.Cu) (tedit 5F68FEEE) (tstamp 61071D4A)
    (at 157.43 101.76)
    (descr "Resistor SMD 0603 (1608 Metric), square (rectangular) end terminal, IPC_7351 nominal, (Body size source: IPC-SM-782 page 72, https://www.pcb-3d.com/wordpress/wp-content/uploads/ipc-sm-782a_amendment_1_and_2.pdf), generated with kicad-footprint-generator")
    (tags resistor)
    (path /5BFC14E2/5BFC2008)
    (attr smd)
    (fp_text reference R4 (at 2.18 0.01) (layer F.SilkS)
      (effects (font (size 0.75 0.75) (thickness 0.15)))
    )
    (fp_text value 10k (at 0 1.43) (layer F.Fab)
      (effects (font (size 1 1) (thickness 0.15)))
    )
    (fp_line (start 1.48 0.73) (end -1.48 0.73) (layer F.CrtYd) (width 0.05))
    (fp_line (start 1.48 -0.73) (end 1.48 0.73) (layer F.CrtYd) (width 0.05))
    (fp_line (start -1.48 -0.73) (end 1.48 -0.73) (layer F.CrtYd) (width 0.05))
    (fp_line (start -1.48 0.73) (end -1.48 -0.73) (layer F.CrtYd) (width 0.05))
    (fp_line (start -0.237258 0.5225) (end 0.237258 0.5225) (layer F.SilkS) (width 0.12))
    (fp_line (start -0.237258 -0.5225) (end 0.237258 -0.5225) (layer F.SilkS) (width 0.12))
    (fp_line (start 0.8 0.4125) (end -0.8 0.4125) (layer F.Fab) (width 0.1))
    (fp_line (start 0.8 -0.4125) (end 0.8 0.4125) (layer F.Fab) (width 0.1))
    (fp_line (start -0.8 -0.4125) (end 0.8 -0.4125) (layer F.Fab) (width 0.1))
    (fp_line (start -0.8 0.4125) (end -0.8 -0.4125) (layer F.Fab) (width 0.1))
    (fp_text user %R (at 0 0) (layer F.Fab)
      (effects (font (size 0.4 0.4) (thickness 0.06)))
    )
    (pad 1 smd roundrect (at -0.825 0) (size 0.8 0.95) (layers F.Cu F.Paste F.Mask) (roundrect_rratio 0.25)
      (net 8 vin))
    (pad 2 smd roundrect (at 0.825 0) (size 0.8 0.95) (layers F.Cu F.Paste F.Mask) (roundrect_rratio 0.25)
      (net 28 "Net-(Q1-Pad2)"))
    (model ${KISYS3DMOD}/Resistor_SMD.3dshapes/R_0603_1608Metric.wrl
      (at (xyz 0 0 0))
      (scale (xyz 1 1 1))
      (rotate (xyz 0 0 0))
    )
  )

  (module Resistor_SMD:R_0603_1608Metric (layer F.Cu) (tedit 5F68FEEE) (tstamp 61071D5B)
    (at 157.43 100.26 180)
    (descr "Resistor SMD 0603 (1608 Metric), square (rectangular) end terminal, IPC_7351 nominal, (Body size source: IPC-SM-782 page 72, https://www.pcb-3d.com/wordpress/wp-content/uploads/ipc-sm-782a_amendment_1_and_2.pdf), generated with kicad-footprint-generator")
    (tags resistor)
    (path /5BFC14E2/5BFC200F)
    (attr smd)
    (fp_text reference R5 (at -2.19 0) (layer F.SilkS)
      (effects (font (size 0.75 0.75) (thickness 0.15)))
    )
    (fp_text value 2k (at 0 1.43) (layer F.Fab)
      (effects (font (size 1 1) (thickness 0.15)))
    )
    (fp_line (start -0.8 0.4125) (end -0.8 -0.4125) (layer F.Fab) (width 0.1))
    (fp_line (start -0.8 -0.4125) (end 0.8 -0.4125) (layer F.Fab) (width 0.1))
    (fp_line (start 0.8 -0.4125) (end 0.8 0.4125) (layer F.Fab) (width 0.1))
    (fp_line (start 0.8 0.4125) (end -0.8 0.4125) (layer F.Fab) (width 0.1))
    (fp_line (start -0.237258 -0.5225) (end 0.237258 -0.5225) (layer F.SilkS) (width 0.12))
    (fp_line (start -0.237258 0.5225) (end 0.237258 0.5225) (layer F.SilkS) (width 0.12))
    (fp_line (start -1.48 0.73) (end -1.48 -0.73) (layer F.CrtYd) (width 0.05))
    (fp_line (start -1.48 -0.73) (end 1.48 -0.73) (layer F.CrtYd) (width 0.05))
    (fp_line (start 1.48 -0.73) (end 1.48 0.73) (layer F.CrtYd) (width 0.05))
    (fp_line (start 1.48 0.73) (end -1.48 0.73) (layer F.CrtYd) (width 0.05))
    (fp_text user %R (at 0 0) (layer F.Fab)
      (effects (font (size 0.4 0.4) (thickness 0.06)))
    )
    (pad 2 smd roundrect (at 0.825 0 180) (size 0.8 0.95) (layers F.Cu F.Paste F.Mask) (roundrect_rratio 0.25)
      (net 29 "Net-(Q2-Pad3)"))
    (pad 1 smd roundrect (at -0.825 0 180) (size 0.8 0.95) (layers F.Cu F.Paste F.Mask) (roundrect_rratio 0.25)
      (net 28 "Net-(Q1-Pad2)"))
    (model ${KISYS3DMOD}/Resistor_SMD.3dshapes/R_0603_1608Metric.wrl
      (at (xyz 0 0 0))
      (scale (xyz 1 1 1))
      (rotate (xyz 0 0 0))
    )
  )

  (module Resistor_SMD:R_0603_1608Metric (layer F.Cu) (tedit 5F68FEEE) (tstamp 61071E16)
    (at 157.43 104.74 180)
    (descr "Resistor SMD 0603 (1608 Metric), square (rectangular) end terminal, IPC_7351 nominal, (Body size source: IPC-SM-782 page 72, https://www.pcb-3d.com/wordpress/wp-content/uploads/ipc-sm-782a_amendment_1_and_2.pdf), generated with kicad-footprint-generator")
    (tags resistor)
    (path /5BFC14E2/5BFC2055)
    (attr smd)
    (fp_text reference R16 (at -2.53 0.01) (layer F.SilkS)
      (effects (font (size 0.75 0.75) (thickness 0.15)))
    )
    (fp_text value 1k (at 0 1.43) (layer F.Fab)
      (effects (font (size 1 1) (thickness 0.15)))
    )
    (fp_line (start 1.48 0.73) (end -1.48 0.73) (layer F.CrtYd) (width 0.05))
    (fp_line (start 1.48 -0.73) (end 1.48 0.73) (layer F.CrtYd) (width 0.05))
    (fp_line (start -1.48 -0.73) (end 1.48 -0.73) (layer F.CrtYd) (width 0.05))
    (fp_line (start -1.48 0.73) (end -1.48 -0.73) (layer F.CrtYd) (width 0.05))
    (fp_line (start -0.237258 0.5225) (end 0.237258 0.5225) (layer F.SilkS) (width 0.12))
    (fp_line (start -0.237258 -0.5225) (end 0.237258 -0.5225) (layer F.SilkS) (width 0.12))
    (fp_line (start 0.8 0.4125) (end -0.8 0.4125) (layer F.Fab) (width 0.1))
    (fp_line (start 0.8 -0.4125) (end 0.8 0.4125) (layer F.Fab) (width 0.1))
    (fp_line (start -0.8 -0.4125) (end 0.8 -0.4125) (layer F.Fab) (width 0.1))
    (fp_line (start -0.8 0.4125) (end -0.8 -0.4125) (layer F.Fab) (width 0.1))
    (fp_text user %R (at 0 0) (layer F.Fab)
      (effects (font (size 0.4 0.4) (thickness 0.06)))
    )
    (pad 1 smd roundrect (at -0.825 0 180) (size 0.8 0.95) (layers F.Cu F.Paste F.Mask) (roundrect_rratio 0.25)
      (net 1 GND))
    (pad 2 smd roundrect (at 0.825 0 180) (size 0.8 0.95) (layers F.Cu F.Paste F.Mask) (roundrect_rratio 0.25)
      (net 32 adc_heater_voltage))
    (model ${KISYS3DMOD}/Resistor_SMD.3dshapes/R_0603_1608Metric.wrl
      (at (xyz 0 0 0))
      (scale (xyz 1 1 1))
      (rotate (xyz 0 0 0))
    )
  )

  (module Resistor_SMD:R_0603_1608Metric (layer F.Cu) (tedit 5F68FEEE) (tstamp 61071DD2)
    (at 157.43 103.24)
    (descr "Resistor SMD 0603 (1608 Metric), square (rectangular) end terminal, IPC_7351 nominal, (Body size source: IPC-SM-782 page 72, https://www.pcb-3d.com/wordpress/wp-content/uploads/ipc-sm-782a_amendment_1_and_2.pdf), generated with kicad-footprint-generator")
    (tags resistor)
    (path /5BFC14E2/5BFC204B)
    (attr smd)
    (fp_text reference R12 (at 2.55 0) (layer F.SilkS)
      (effects (font (size 0.75 0.75) (thickness 0.15)))
    )
    (fp_text value 10k (at 0 1.43) (layer F.Fab)
      (effects (font (size 1 1) (thickness 0.15)))
    )
    (fp_line (start -0.8 0.4125) (end -0.8 -0.4125) (layer F.Fab) (width 0.1))
    (fp_line (start -0.8 -0.4125) (end 0.8 -0.4125) (layer F.Fab) (width 0.1))
    (fp_line (start 0.8 -0.4125) (end 0.8 0.4125) (layer F.Fab) (width 0.1))
    (fp_line (start 0.8 0.4125) (end -0.8 0.4125) (layer F.Fab) (width 0.1))
    (fp_line (start -0.237258 -0.5225) (end 0.237258 -0.5225) (layer F.SilkS) (width 0.12))
    (fp_line (start -0.237258 0.5225) (end 0.237258 0.5225) (layer F.SilkS) (width 0.12))
    (fp_line (start -1.48 0.73) (end -1.48 -0.73) (layer F.CrtYd) (width 0.05))
    (fp_line (start -1.48 -0.73) (end 1.48 -0.73) (layer F.CrtYd) (width 0.05))
    (fp_line (start 1.48 -0.73) (end 1.48 0.73) (layer F.CrtYd) (width 0.05))
    (fp_line (start 1.48 0.73) (end -1.48 0.73) (layer F.CrtYd) (width 0.05))
    (fp_text user %R (at 0 0) (layer F.Fab)
      (effects (font (size 0.4 0.4) (thickness 0.06)))
    )
    (pad 2 smd roundrect (at 0.825 0) (size 0.8 0.95) (layers F.Cu F.Paste F.Mask) (roundrect_rratio 0.25)
      (net 8 vin))
    (pad 1 smd roundrect (at -0.825 0) (size 0.8 0.95) (layers F.Cu F.Paste F.Mask) (roundrect_rratio 0.25)
      (net 32 adc_heater_voltage))
    (model ${KISYS3DMOD}/Resistor_SMD.3dshapes/R_0603_1608Metric.wrl
      (at (xyz 0 0 0))
      (scale (xyz 1 1 1))
      (rotate (xyz 0 0 0))
    )
  )

  (module arlene:SOIC-8_PMOS_SGD_3.9x4.9mm_P1.27mm (layer B.Cu) (tedit 5DB3FA8C) (tstamp 61071CF1)
    (at 161.64 102.5 90)
    (descr "8-Lead Plastic Small Outline (SN) - Narrow, 3.90 mm Body [SOIC] (see Microchip Packaging Specification 00000049BS.pdf)")
    (tags "SOIC 1.27")
    (path /5BFC14E2/5DBF5D74)
    (attr smd)
    (fp_text reference Q1 (at -0.02 -3.47 180) (layer B.SilkS)
      (effects (font (size 0.75 0.75) (thickness 0.15)) (justify mirror))
    )
    (fp_text value AO4407 (at 0 -3.5 270) (layer B.Fab)
      (effects (font (size 1 1) (thickness 0.15)) (justify mirror))
    )
    (fp_line (start -2.075 2.525) (end -3.475 2.525) (layer B.SilkS) (width 0.15))
    (fp_line (start -2.075 -2.575) (end 2.075 -2.575) (layer B.SilkS) (width 0.15))
    (fp_line (start -2.075 2.575) (end 2.075 2.575) (layer B.SilkS) (width 0.15))
    (fp_line (start -2.075 -2.575) (end -2.075 -2.43) (layer B.SilkS) (width 0.15))
    (fp_line (start 2.075 -2.575) (end 2.075 -2.43) (layer B.SilkS) (width 0.15))
    (fp_line (start 2.075 2.575) (end 2.075 2.43) (layer B.SilkS) (width 0.15))
    (fp_line (start -2.075 2.575) (end -2.075 2.525) (layer B.SilkS) (width 0.15))
    (fp_line (start -3.73 -2.7) (end 3.73 -2.7) (layer B.CrtYd) (width 0.05))
    (fp_line (start -3.73 2.7) (end 3.73 2.7) (layer B.CrtYd) (width 0.05))
    (fp_line (start 3.73 2.7) (end 3.73 -2.7) (layer B.CrtYd) (width 0.05))
    (fp_line (start -3.73 2.7) (end -3.73 -2.7) (layer B.CrtYd) (width 0.05))
    (fp_line (start -1.95 1.45) (end -0.95 2.45) (layer B.Fab) (width 0.1))
    (fp_line (start -1.95 -2.45) (end -1.95 1.45) (layer B.Fab) (width 0.1))
    (fp_line (start 1.95 -2.45) (end -1.95 -2.45) (layer B.Fab) (width 0.1))
    (fp_line (start 1.95 2.45) (end 1.95 -2.45) (layer B.Fab) (width 0.1))
    (fp_line (start -0.95 2.45) (end 1.95 2.45) (layer B.Fab) (width 0.1))
    (fp_text user %R (at 0 0 270) (layer B.Fab)
      (effects (font (size 1 1) (thickness 0.15)) (justify mirror))
    )
    (pad 1 smd rect (at -2.7 1.905 90) (size 1.55 0.6) (layers B.Cu B.Paste B.Mask)
      (net 8 vin))
    (pad 1 smd rect (at -2.7 0.635 90) (size 1.55 0.6) (layers B.Cu B.Paste B.Mask)
      (net 8 vin))
    (pad 1 smd rect (at -2.7 -0.635 90) (size 1.55 0.6) (layers B.Cu B.Paste B.Mask)
      (net 8 vin))
    (pad 2 smd rect (at -2.7 -1.905 90) (size 1.55 0.6) (layers B.Cu B.Paste B.Mask)
      (net 28 "Net-(Q1-Pad2)"))
    (pad 3 smd rect (at 2.7 -1.905 90) (size 1.55 0.6) (layers B.Cu B.Paste B.Mask)
      (net 12 pos_heater))
    (pad 3 smd rect (at 2.7 -0.635 90) (size 1.55 0.6) (layers B.Cu B.Paste B.Mask)
      (net 12 pos_heater))
    (pad 3 smd rect (at 2.7 0.635 90) (size 1.55 0.6) (layers B.Cu B.Paste B.Mask)
      (net 12 pos_heater))
    (pad 3 smd rect (at 2.7 1.905 90) (size 1.55 0.6) (layers B.Cu B.Paste B.Mask)
      (net 12 pos_heater))
    (model ${KISYS3DMOD}/Package_SO.3dshapes/SOIC-8_3.9x4.9mm_P1.27mm.wrl
      (at (xyz 0 0 0))
      (scale (xyz 1 1 1))
      (rotate (xyz 0 0 0))
    )
  )

  (module Connector_JST:JST_XH_B3B-XH-A_1x03_P2.50mm_Vertical (layer F.Cu) (tedit 5C28146C) (tstamp 6109C82A)
    (at 171.1 110.46 90)
    (descr "JST XH series connector, B3B-XH-A (http://www.jst-mfg.com/product/pdf/eng/eXH.pdf), generated with kicad-footprint-generator")
    (tags "connector JST XH vertical")
    (path /5BFC148C/61086D33)
    (fp_text reference J4 (at -3.44 0 180) (layer F.SilkS)
      (effects (font (size 0.75 0.75) (thickness 0.15)))
    )
    (fp_text value Power (at 2.5 4.6 90) (layer F.Fab)
      (effects (font (size 1 1) (thickness 0.15)))
    )
    (fp_line (start -2.85 -2.75) (end -2.85 -1.5) (layer F.SilkS) (width 0.12))
    (fp_line (start -1.6 -2.75) (end -2.85 -2.75) (layer F.SilkS) (width 0.12))
    (fp_line (start 6.8 2.75) (end 2.5 2.75) (layer F.SilkS) (width 0.12))
    (fp_line (start 6.8 -0.2) (end 6.8 2.75) (layer F.SilkS) (width 0.12))
    (fp_line (start 7.55 -0.2) (end 6.8 -0.2) (layer F.SilkS) (width 0.12))
    (fp_line (start -1.8 2.75) (end 2.5 2.75) (layer F.SilkS) (width 0.12))
    (fp_line (start -1.8 -0.2) (end -1.8 2.75) (layer F.SilkS) (width 0.12))
    (fp_line (start -2.55 -0.2) (end -1.8 -0.2) (layer F.SilkS) (width 0.12))
    (fp_line (start 7.55 -2.45) (end 5.75 -2.45) (layer F.SilkS) (width 0.12))
    (fp_line (start 7.55 -1.7) (end 7.55 -2.45) (layer F.SilkS) (width 0.12))
    (fp_line (start 5.75 -1.7) (end 7.55 -1.7) (layer F.SilkS) (width 0.12))
    (fp_line (start 5.75 -2.45) (end 5.75 -1.7) (layer F.SilkS) (width 0.12))
    (fp_line (start -0.75 -2.45) (end -2.55 -2.45) (layer F.SilkS) (width 0.12))
    (fp_line (start -0.75 -1.7) (end -0.75 -2.45) (layer F.SilkS) (width 0.12))
    (fp_line (start -2.55 -1.7) (end -0.75 -1.7) (layer F.SilkS) (width 0.12))
    (fp_line (start -2.55 -2.45) (end -2.55 -1.7) (layer F.SilkS) (width 0.12))
    (fp_line (start 4.25 -2.45) (end 0.75 -2.45) (layer F.SilkS) (width 0.12))
    (fp_line (start 4.25 -1.7) (end 4.25 -2.45) (layer F.SilkS) (width 0.12))
    (fp_line (start 0.75 -1.7) (end 4.25 -1.7) (layer F.SilkS) (width 0.12))
    (fp_line (start 0.75 -2.45) (end 0.75 -1.7) (layer F.SilkS) (width 0.12))
    (fp_line (start 0 -1.35) (end 0.625 -2.35) (layer F.Fab) (width 0.1))
    (fp_line (start -0.625 -2.35) (end 0 -1.35) (layer F.Fab) (width 0.1))
    (fp_line (start 7.95 -2.85) (end -2.95 -2.85) (layer F.CrtYd) (width 0.05))
    (fp_line (start 7.95 3.9) (end 7.95 -2.85) (layer F.CrtYd) (width 0.05))
    (fp_line (start -2.95 3.9) (end 7.95 3.9) (layer F.CrtYd) (width 0.05))
    (fp_line (start -2.95 -2.85) (end -2.95 3.9) (layer F.CrtYd) (width 0.05))
    (fp_line (start 7.56 -2.46) (end -2.56 -2.46) (layer F.SilkS) (width 0.12))
    (fp_line (start 7.56 3.51) (end 7.56 -2.46) (layer F.SilkS) (width 0.12))
    (fp_line (start -2.56 3.51) (end 7.56 3.51) (layer F.SilkS) (width 0.12))
    (fp_line (start -2.56 -2.46) (end -2.56 3.51) (layer F.SilkS) (width 0.12))
    (fp_line (start 7.45 -2.35) (end -2.45 -2.35) (layer F.Fab) (width 0.1))
    (fp_line (start 7.45 3.4) (end 7.45 -2.35) (layer F.Fab) (width 0.1))
    (fp_line (start -2.45 3.4) (end 7.45 3.4) (layer F.Fab) (width 0.1))
    (fp_line (start -2.45 -2.35) (end -2.45 3.4) (layer F.Fab) (width 0.1))
    (fp_text user %R (at 2.5 2.7 90) (layer F.Fab)
      (effects (font (size 1 1) (thickness 0.15)))
    )
    (pad 1 thru_hole roundrect (at 0 0 90) (size 1.7 1.95) (drill 0.95) (layers *.Cu *.Mask) (roundrect_rratio 0.1470588235294118)
      (net 36 Earth))
    (pad 2 thru_hole oval (at 2.5 0 90) (size 1.7 1.95) (drill 0.95) (layers *.Cu *.Mask)
      (net 8 vin))
    (pad 3 thru_hole oval (at 5 0 90) (size 1.7 1.95) (drill 0.95) (layers *.Cu *.Mask)
      (net 1 GND))
    (model ${KISYS3DMOD}/Connector_JST.3dshapes/JST_XH_B3B-XH-A_1x03_P2.50mm_Vertical.wrl
      (at (xyz 0 0 0))
      (scale (xyz 1 1 1))
      (rotate (xyz 0 0 0))
    )
  )

  (module Connector_JST:JST_XH_B5B-XH-A_1x05_P2.50mm_Vertical (layer F.Cu) (tedit 5C28146C) (tstamp 6109C7FF)
    (at 171.1 99.54 90)
    (descr "JST XH series connector, B5B-XH-A (http://www.jst-mfg.com/product/pdf/eng/eXH.pdf), generated with kicad-footprint-generator")
    (tags "connector JST XH vertical")
    (path /5BFC14E2/5DB547DD)
    (fp_text reference J3 (at 13.36 0.09 180) (layer F.SilkS)
      (effects (font (size 0.75 0.75) (thickness 0.15)))
    )
    (fp_text value Handle (at 5 4.6 90) (layer F.Fab)
      (effects (font (size 1 1) (thickness 0.15)))
    )
    (fp_line (start -2.85 -2.75) (end -2.85 -1.5) (layer F.SilkS) (width 0.12))
    (fp_line (start -1.6 -2.75) (end -2.85 -2.75) (layer F.SilkS) (width 0.12))
    (fp_line (start 11.8 2.75) (end 5 2.75) (layer F.SilkS) (width 0.12))
    (fp_line (start 11.8 -0.2) (end 11.8 2.75) (layer F.SilkS) (width 0.12))
    (fp_line (start 12.55 -0.2) (end 11.8 -0.2) (layer F.SilkS) (width 0.12))
    (fp_line (start -1.8 2.75) (end 5 2.75) (layer F.SilkS) (width 0.12))
    (fp_line (start -1.8 -0.2) (end -1.8 2.75) (layer F.SilkS) (width 0.12))
    (fp_line (start -2.55 -0.2) (end -1.8 -0.2) (layer F.SilkS) (width 0.12))
    (fp_line (start 12.55 -2.45) (end 10.75 -2.45) (layer F.SilkS) (width 0.12))
    (fp_line (start 12.55 -1.7) (end 12.55 -2.45) (layer F.SilkS) (width 0.12))
    (fp_line (start 10.75 -1.7) (end 12.55 -1.7) (layer F.SilkS) (width 0.12))
    (fp_line (start 10.75 -2.45) (end 10.75 -1.7) (layer F.SilkS) (width 0.12))
    (fp_line (start -0.75 -2.45) (end -2.55 -2.45) (layer F.SilkS) (width 0.12))
    (fp_line (start -0.75 -1.7) (end -0.75 -2.45) (layer F.SilkS) (width 0.12))
    (fp_line (start -2.55 -1.7) (end -0.75 -1.7) (layer F.SilkS) (width 0.12))
    (fp_line (start -2.55 -2.45) (end -2.55 -1.7) (layer F.SilkS) (width 0.12))
    (fp_line (start 9.25 -2.45) (end 0.75 -2.45) (layer F.SilkS) (width 0.12))
    (fp_line (start 9.25 -1.7) (end 9.25 -2.45) (layer F.SilkS) (width 0.12))
    (fp_line (start 0.75 -1.7) (end 9.25 -1.7) (layer F.SilkS) (width 0.12))
    (fp_line (start 0.75 -2.45) (end 0.75 -1.7) (layer F.SilkS) (width 0.12))
    (fp_line (start 0 -1.35) (end 0.625 -2.35) (layer F.Fab) (width 0.1))
    (fp_line (start -0.625 -2.35) (end 0 -1.35) (layer F.Fab) (width 0.1))
